906
285 586
104 590
41 68
582 350
93 88
489 123
9 424
580 465
11 24
724 892
903 20
235 193
185 265
604 803
468 330
851 610
380 19
251 65
259 239
99 674
67 123
106 9
90 107
3 28
247 181
25 20
537 613
694 169
423 256
16 75
521 485
438 689
577 54
869 779
49 21
4 3
10 79
638 459
570 878
757 113
325 623
51 43
72 44
231 222
296 274
402 5
178 213
87 425
682 328
265 493
517 351
1 262
172 578
5 7
5 88
160 524
300 353
399 431
172 46
446 81
89 51
450 336
388 9
7 117
487 490
477 399
684 405
234 246
610 424
805 363
3 18
444 463
89 91
181 142
39 14
358 387
421 324
319 83
65 15
196 713
486 559
95 33
399 553
24 85
816 278
897 675
181 202
228 35
654 838
2 126
96 790
902 254
681 636
50 414
806 314
474 748
301 2
150 184
780 694
93 178
119 2
411 127
478 513
61 28
19 781
392 680
268 618
744 871
3 83
82 875
750 754
73 69
575 129
310 65
213 417
54 32
130 77
595 179
504 368
202 846
833 329
312 406
15 176
63 342
588 554
108 46
109 442
319 746
704 641
394 433
410 772
33 114
451 737
143 186
756 500
26 473
120 478
472 152
41 368
566 841
341 464
497 68
725 219
742 369
496 424
207 537
385 485
695 289
779 137
652 826
335 382
768 194
860 5
143 386
511 133
105 24
146 584
392 38
26 503
129 347
104 25
786 442
154 57
20 27
622 115
78 135
858 597
6 412
248 201
378 47
880 271
38 71
1 2
762 494
660 586
42 487
188 82
451 824
215 570
142 135
116 113
185 318
274 500
759 655
904 537
492 859
787 601
474 601
645 406
295 190
703 110
652 741
16 26
287 363
14 5
877 719
128 182
8 44
432 709
854 15
320 634
716 488
183 123
35 53
460 471
115 882
145 198
120 447
51 110
509 40
443 261
372 46
9 723
855 75
848 452
605 488
260 687
34 4
209 203
703 814
837 825
354 676
432 546
80 529
177 88
569 492
161 649
561 343
465 630
715 307
743 699
791 127
530 893
110 429
364 585
56 180
35 173
21 140
177 906
276 222
285 683
140 169
405 576
3 10
511 881
508 153
338 346
27 113
229 250
658 371
399 843
34 37
541 301
434 296
771 551
11 45
220 563
120 813
208 196
416 666
232 186
290 76
501 174
275 308
24 646
506 161
102 210
200 572
876 156
705 440
403 185
29 603
334 98
685 129
519 393
26 205
263 172
158 18
693 900
221 21
671 451
61 164
44 320
220 26
661 9
206 177
243 86
593 330
42 486
367 381
59 56
367 385
879 561
68 133
18 215
186 404
3 109
775 601
376 668
600 357
298 53
175 87
801 482
252 67
57 51
512 130
415 46
5 78
407 272
21 217
629 55
16 187
624 186
751 830
205 253
532 268
118 145
527 333
169 636
96 866
239 44
451 194
476 202
539 283
436 1
271 557
457 616
765 126
815 275
74 156
293 267
209 329
29 40
249 710
193 47
310 324
627 172
38 448
533 200
52 162
219 291
37 120
286 379
169 278
792 105
789 498
523 669
226 592
41 17
62 273
502 41
338 769
30 29
33 548
80 100
211 79
84 602
845 569
33 3
561 863
416 199
64 77
303 356
38 17
146 475
60 57
507 628
825 636
87 131
312 137
309 269
679 566
653 59
889 880
591 696
794 266
193 885
462 118
55 66
191 534
206 853
92 189
69 64
573 288
672 91
331 398
169 481
470 250
751 28
23 257
62 835
753 27
480 350
714 713
42 46
308 374
210 804
97 137
201 344
12 6
548 832
29 11
50 1
280 20
327 795
5 98
430 203
728 366
78 581
56 375
309 523
124 551
292 812
767 266
697 857
144 738
596 395
661 745
905 264
259 317
826 874
11 99
190 484
23 143
752 115
648 831
77 543
283 281
717 649
735 243
322 626
82 13
539 700
41 128
552 558
339 141
516 702
371 719
329 437
170 146
151 119
316 7
277 492
540 133
122 96
319 643
33 271
147 98
394 251
190 186
284 138
286 321
708 622
574 94
178 244
1 5
896 358
67 199
50 677
225 201
319 370
68 150
515 161
691 392
598 296
782 298
428 56
18 81
868 26
7 62
129 800
256 85
763 454
244 355
298 332
107 474
269 410
83 461
7 165
342 663
621 527
218 269
589 113
56 90
248 325
773 235
140 266
65 76
138 139
153 665
507 26
70 862
331 287
289 393
63 354
17 226
276 288
405 250
417 607
37 56
38 67
819 370
14 171
212 48
3 556
156 873
141 104
291 440
552 639
445 4
338 87
664 15
275 455
489 640
113 240
6 31
758 85
798 884
210 699
36 12
78 127
207 154
304 147
778 422
438 319
773 840
181 890
788 761
432 264
165 222
7 9
223 110
566 378
289 19
303 247
662 538
245 413
214 151
827 57
400 562
377 652
267 99
282 42
48 505
32 3
35 268
141 277
72 84
195 153
530 606
722 657
32 449
105 224
67 203
219 108
159 307
48 740
150 820
185 173
134 31
315 224
457 128
698 565
784 89
528 430
104 227
696 733
127 336
37 159
371 654
384 122
117 121
313 47
591 508
847 268
55 886
725 750
567 285
125 117
389 119
739 334
467 54
11 10
761 894
43 19
744 44
807 644
118 105
72 136
852 254
543 888
364 465
8 19
56 92
110 138
459 898
536 429
316 395
274 93
70 20
82 103
660 755
327 31
274 620
275 200
390 770
379 441
22 9
734 113
612 122
518 479
350 164
631 273
397 108
756 867
544 821
401 459
371 331
22 167
20 2
823 808
166 119
163 1
635 79
395 673
13 5
525 471
250 285
261 40
165 785
396 401
47 31
197 126
260 614
255 166
516 468
153 552
13 96
310 760
308 542
26 144
15 697
637 104
619 147
615 323
348 427
901 646
63 7
330 96
251 650
120 656
276 564
363 426
352 232
539 718
279 201
260 361
230 137
495 154
44 444
35 32
238 182
811 518
63 87
46 544
18 23
783 270
519 555
456 3
560 550
153 229
494 191
393 499
367 172
102 112
286 261
793 321
299 135
148 140
30 64
439 244
651 77
44 678
356 466
738 899
373 118
264 30
5 314
314 686
326 70
41 641
357 220
891 671
52 192
294 300
42 25
113 692
420 328
870 681
345 391
224 549
484 707
341 151
271 693
337 283
834 774
17 21
531 134
61 479
340 732
348 218
637 895
817 653
648 726
28 322
774 144
86 46
90 94
167 200
237 839
864 481
13 17
118 161
242 101
315 587
281 98
611 480
538 334
396 887
149 88
136 568
236 133
417 701
84 270
1 6
90 245
152 359
545 30
328 861
808 587
836 214
491 190
14 157
89 488
338 554
8 7
294 498
532 777
372 712
165 292
458 469
644 579
328 321
82 530
7 383
828 621
435 642
129 126
513 729
34 146
196 74
205 365
422 764
343 337
254 113
608 523
599 131
720 606
606 766
797 556
408 482
179 50
46 97
294 85
297 262
249 56
86 272
147 194
283 366
115 46
290 675
204 305
349 338
579 55
776 167
138 168
444 458
597 323
27 842
311 236
818 126
108 237
315 632
405 617
809 110
200 216
37 522
502 535
577 872
82 306
142 736
829 426
58 17
94 160
181 258
2 3
490 514
483 194
571 647
212 460
453 360
730 631
55 34
724 493
74 32
732 749
56 153
101 64
98 369
761 681
408 364
481 547
16 376
690 519
711 659
362 101
559 655
74 201
745 799
102 111
211 241
565 173
161 802
210 218
7 155
14 124
24 52
659 478
129 204
113 377
100 419
233 125
138 260
323 321
727 369
688 420
810 347
102 333
174 98
796 389
201 571
399 218
596 609
