1212.97957925
1326.06363925
1454.15859925
1640.23790925
1826.31721925
1940.36014925
2069.40273925
2197.49769925
2328.53818925
2385.55964925
2482.61240925
2611.65499925
2742.69548925
2879.75439925
3008.79698925
3194.87629925
3341.94470925
3528.02401925
3642.06694925
3755.15100925
3858.16019925
3957.22860925
4085.32356925
4200.35050925
4329.39309925
4430.44077925
4545.46771925
4674.51030925
4777.51949925
4848.55660925
4976.61518925
5079.62437925
5192.70843925
5305.79249925
5452.86090925
5509.88236925
5624.90930925
5723.97771925
5853.02030925
5968.04724925
6069.09492925
6225.19603925
6326.24371925
6439.32777925
6570.36826925
6669.43667925
6740.47378925
6853.55784925
6910.57930925
7009.64771925
7195.72702925
7381.80633925
7509.90129925
7637.95987925
7775.01878925
7906.05927925
8005.12768925
8092.15971925
8205.24377925
8342.30268925
8443.35036925
8556.43442925
8685.47701925
8772.50904925
8900.56762925
8957.58908925
9104.65749925
9232.75245925
9363.79294925
9476.87700925
9662.95631925
9791.01489925
9904.09895925
10090.1782692
10204.2211992
10367.2845292
10480.3685892
10627.4369992
10740.5210592
10827.5530892
10941.5960192
11104.6593492
11267.7226792
11380.8067392
11493.8907992
11590.9435592
11728.0024692
11785.0239292
11898.1079892
12011.1920492
12167.2931592
12330.3564892
12477.4248992
12564.4569292
12692.5155092
12791.5839192
12904.6679792
